[ 1.  -1.   0.2]
[ 1.012 -0.892  0.35 ]
[ 1.051 -0.805  0.5  ]
[ 0.913  -0.8725  0.35  ]
[ 0.775 -0.94   0.2  ]
[ 0.637  -1.0075  0.05  ]
[ 0.532 -1.105 -0.1  ]
[ 0.394  -1.1725 -0.25  ]
[ 0.406  -1.0645 -0.1   ]
[ 0.301 -1.162 -0.25 ]
[ 0.196  -1.2595 -0.4   ]
[ 0.091 -1.357 -0.55 ]
[-0.047  -1.4245 -0.7   ]
[-0.008  -1.3375 -0.55  ]
[-0.113 -1.435 -0.7  ]
[-0.101 -1.327 -0.55 ]
[-0.089 -1.219 -0.4  ]
[-0.194  -1.3165 -0.55  ]
[-0.155  -1.2295 -0.4   ]
[-0.26  -1.327 -0.55 ]
[-0.221 -1.24  -0.4  ]
[-0.359  -1.3075 -0.55  ]
[-0.347  -1.1995 -0.4   ]
[-0.308  -1.1125 -0.25  ]
[-0.269  -1.0255 -0.1   ]
[-0.23   -0.9385  0.05  ]
[-0.191  -0.8515  0.2   ]
[-0.152  -0.7645  0.35  ]
[-0.14   -0.6565  0.5   ]
[-0.101  -0.5695  0.65  ]
[-0.089  -0.4615  0.8   ]
[-0.194 -0.559  0.65 ]
[-0.155 -0.472  0.8  ]
[-0.116 -0.385  0.95 ]
[-0.254  -0.4525  0.8   ]
[-0.215  -0.3655  0.95  ]